P 1 3
1 1 1
0 2 2 -
P 3 3 
1 1 1  
0 1 0 
1 1 1   
0 2 3 -
P 4 3 
0 1 0
1 1 0
0 1 1
0 1 0
0 2 1 -
P 3 2 
1 1
1 1 
0 1
0 2 2 -
P 3 2
1 1
1 0
1 1
0 1 2 -
P 1 2
1 1
0 2 1 -
P 4 3
0 1 1
0 1 0
0 1 0
1 1 0
0 1 2 -
P 2 2
1 1
0 1
0 1 3 -
P 2 4 
1 1 1 0
0 1 1 1
0 4 2 -
P 2 3 
1 1 1
0 1 0
0 2 2 -
P 2 2
0 1
1 1 
0 3 1 -
P 2 6  
1 1 1 1 1 1 
0 0 0 1 0 0 
1 1 4 -
P 3 4  
0 0 1 0 
1 1 1 1 
0 0 1 0
1 0 3 -
P 4 2 
1 0
1 0
1 1 
1 0
1 3 4 -
P 4 3 
0 1 0
1 1 1 
1 1 1 
0 1 0 
1 5 3 -
P 3 2
1 0
1 0
1 1
1 4 2 - 
P 2 4  
1 0 0 1 
1 1 1 1
1 1 5 -
P 3 2 
0 1 
1 1 
1 0
1 3 2 -
P 1 5 
1 1 1 1 1
1 7 1 -
P 4 2 
1 0
1 0
1 0
1 1
2 10 3 - 
P 3 4 
1 0 0 0 
1 1 1 1 
1 0 0 0 
2 7 2 -
P 1 4
1 1 1 1 
1 3 3 -
P 2 4 
0 1 1 1 
1 1 0 0 
1 2 3 - 
P 3 3 
0 0 1
1 1 1
0 0 1
2 5 5 -
P 3 3 
0 1 0
1 1 1 
0 1 0
2 5 4 -
P 3 3
1 1 0
0 1 1 
1 1 0
2 3 6 -
P 4 2 
1 1 
1 1
0 1
0 1
3 10 5 -
P 4 2 
1 0
1 1
1 1 
1 0 
2 7 4 -
P 2 2
1 1
1 1
2 6 5 - 
P 2 3 
1 1 0
0 1 1 
3 7 6 -
P 3 3 
0 0 1
1 1 1 
1 1 0
3 8 6 -
P 3 3 
0 0 1
0 1 1 
1 1 0
3 10 4 -
P 2 3
0 0 1
1 1 1
2 4 6 -
